0.083395 29
0.000052 28
0.000036 25
0.002560 40
0.000586 8
0.000014 77
0.970981 1
0.125858 1
0.170179 1
0.157398 1
0.125703 1
0.115711 1
0.441482 1
0.174089 1
0.364744 1
0.320356 1
0.185767 1
0.213148 1
0.212021 1
0.160990 1
0.261454 1
0.394166 1
0.413753 6
0.434271 2
0.000310 45
0.344374 10
0.007537 82
0.007410 40
0.000201 85
1.222952 1
0.366958 1
0.142781 1
0.120479 1
0.245949 1
0.258404 1
0.985877 1
0.226265 1
0.386403 1
0.091295 1
0.194211 1
0.154801 1
0.322544 5
0.591904 2
0.000029 9
0.000496 36
0.179475 124
0.975710 1
0.929819 2
0.000085 16
0.943994 1
0.122181 1
0.156794 1
0.103949 1
0.135288 1
0.103293 1
0.107636 1
0.106258 1
0.162628 1
0.190234 18
4.164828 32
0.549504 2
0.003820 109
0.000013 33
1.562929 1
0.257149 2
0.000019 16
1.734850 1
0.212193 1
0.269076 1
0.231975 1
0.278012 1
0.249975 1
0.104382 1
0.170378 1
0.207159 1
0.126014 1
0.222096 2
0.000060 16
5.698579 43
0.810104 2
0.004690 66
0.000198 52
0.000245 24
1.641063 1
0.353853 2
0.000246 16
1.617083 1
0.241669 1
0.148430 1
0.120361 1
0.071405 1
0.206775 1
0.164711 1
0.784982 1
1.215591 18
5.299533 43
0.775244 2
0.004634 68
0.000035 41
0.000027 9
0.000090 24
1.877030 1
2.076086 2
0.000098 32
2.851944 1
1.646905 1
1.577992 1
0.727933 1
1.719071 1
0.582313 1
0.707622 2
0.002493 134
0.000140 24
1.630523 1
0.372808 1
0.963048 3
0.168946 3
0.735706 1
1.691665 2
0.000103 32
0.798428 1
3.391503 1
1.174909 1
0.428290 3
0.111956 1
2.564040 1
0.564302 1
0.714124 1
1.251180 2
0.001257 61
0.000148 97
0.985212 1
0.911640 34
3.035416 1
0.367986 1
2.773495 1
0.701462 1
0.672726 1
1.580232 1
1.411930 2
0.002181 82
0.000202 76
2.248551 1
0.627099 2
0.005179 458
6.090327 1
1.077334 14
0.074726 29
0.000193 53
0.002194 40
0.000324 8
0.000030 77
1.211735 1
0.102112 1
0.267333 1
0.053658 1
0.180522 1
0.135410 1
0.420237 1
0.622176 1
1.599860 1
0.715688 1
0.323776 1
0.247079 1
0.794911 1
0.386157 1
0.301458 1
0.606112 1
0.450485 1
0.391408 1
0.583741 7
1.909364 1
0.129486 1
0.462374 1
0.160496 1
0.501122 1
0.525721 1
0.267519 1
0.194323 1
0.247320 1
0.520147 11
0.000876 36
0.098046 16
2.773306 28
0.885081 29
0.311885 30
0.264452 31
0.554362 53
0.623965 55
1.106904 35
0.001328 404
3.217572 28
1.267068 29
0.366133 30
0.305165 31
2.282665 33
0.019580 82
0.004122 40
0.000704 85
1.571494 17
