0.014476 80
1.657921 137
2.129954 28
0.000083 2
0.000296 80
4.269779 105
1.664234 2
0.000074 9
0.000015 8
0.000054 9
0.000064 2
0.000141 8
0.000058 72
4.505514 1
0.134945 1
0.498702 11
0.002000 89
0.000443 8
0.000065 72
6.642619 105
1.997238 11
0.000091 8
0.000060 9
0.000064 2
0.000145 8
0.000067 72
6.035127 52
1.148379 107
0.000307 2
0.000028 17
0.000059 72
1.717252 1
0.114934 1
0.351607 1
0.129669 1
0.425433 1
0.411087 1
0.879719 1
0.132074 1
0.119693 13
1.233364 2
0.000089 9
0.523159 80
1.261694 1
0.130134 1
0.295573 1
0.061868 1
0.242477 1
0.546595 1
0.101561 1
0.131950 8
1.085079 11
0.086408 11
0.000014 2
1.174764 1
0.082127 1
0.151875 1
0.129677 1
1.744124 2
0.000730 15
1.646050 1
0.725867 1
0.459661 1
0.098869 1
0.242259 1
0.156819 1
0.200816 1
0.085710 1
0.875658 2
0.013536 13
1.194320 1
0.092254 1
0.138979 1
0.155518 1
0.482711 2
0.006864 23
0.005657 80
5.235088 106
1.459354 110
4.265273 134
1.569711 11
0.000098 8
0.000053 9
0.000266 82
4.962550 46
0.966855 101
0.000041 2
0.000043 9
0.096125 16
1.758130 28
0.147456 29
0.230654 48
0.396343 48
0.492614 47
0.091717 48
0.149035 49
0.138242 50
1.098939 37
0.000287 28
2.596050 28
0.317275 29
0.242075 30
0.200862 31
0.474304 33
0.008498 8
0.000042 72
0.958276 17
