0.019941 80
0.979378 142
2.012107 30
0.000095 8
0.000018 72
4.916379 139
1.458743 2
0.000090 9
0.000021 8
0.000067 9
0.000062 2
0.000132 8
0.000054 72
4.227757 39
0.668188 94
0.000056 11
0.008620 28
2.591060 2
0.044629 29
0.006999 64
0.004097 64
0.032475 66
0.218130 103
0.001802 37
0.156205 40
0.025745 64
0.008506 168
0.006157 22
0.190813 153
0.102740 112
0.461367 1
0.000028 15
0.052290 79
0.013882 233
0.007997 26
0.010758 26
0.005726 26
0.012552 26
0.013236 26
0.006747 26
0.008151 26
0.008686 26
0.011579 26
0.009203 26
0.015678 101
0.016638 59
0.000263 45
0.000038 103
0.000026 2
0.000051 45
0.000047 103
0.000024 2
0.017580 39
0.106910 150
0.075778 40
0.005423 150
0.194298 150
0.143906 20
0.219937 244
0.023342 3172
0.000022 2440
0.000006 244
0.000838 3050
0.000032 122
0.000417 244
0.000026 244
0.000288 122
0.000163 122
0.000423 122
0.000565 122
0.000313 122
0.000982 122
0.000294 122
0.000342 122
0.001394 244
0.000561 122
0.000294 122
0.000517 122
0.000061 122
0.000391 122
0.001277 244
0.000698 122
0.000394 122
0.000628 122
0.001807 122
0.000263 122
0.000303 122
0.000271 122
0.000290 122
0.000423 122
0.000366 122
0.000402 122
0.000314 122
0.000359 122
0.000075 122
0.000592 122
0.000271 122
0.000483 122
0.000132 122
0.002111 122
0.000335 122
0.000306 122
0.001481 122
0.000246 122
0.001718 122
0.001859 122
0.001637 122
0.001568 122
0.002041 122
0.001406 122
0.001857 122
0.001435 122
0.001235 122
0.001147 122
0.000213 122
0.000611 122
0.000561 122
0.000214 122
0.000740 122
0.000243 122
0.000412 122
0.000277 122
0.000374 122
0.000357 122
0.000503 122
0.000446 122
0.000258 122
0.000456 122
0.000514 366
0.016871 122
0.000262 122
0.000341 122
0.000183 122
0.000114 122
0.000166 122
0.000087 122
0.000091 122
0.001015 122
0.000405 122
0.001826 488
0.000089 244
0.001536 122
0.000134 366
0.000019 122
0.000262 122
0.000112 244
0.001313 122
0.003024 122
0.001897 122
0.001871 122
0.001776 122
0.001669 122
0.001495 122
0.001579 244
0.001562 488
0.000091 244
0.000019 122
0.000479 122
0.000308 122
0.000018 244
0.000024 123
0.006246 366
0.000016 123
0.002955 244
0.000491 122
0.000772 123
0.000143 2
0.000342 95
0.000032 37
0.000058 39
0.000044 51
0.000045 76
0.045328 8
0.000025 72
1.300576 1
0.340215 1
0.137447 1
0.042917 1
0.926708 1
0.305446 1
0.289792 1
0.611961 11
0.030768 143
1.099310 1
0.172010 1
0.250847 1
0.203627 1
0.266995 1
0.189103 1
0.664201 1
0.747947 1
0.202541 1
0.229919 1
0.201947 1
0.105737 1
0.622484 2
0.066567 4
2.100952 1
0.368541 1
1.174544 1
0.257423 1
0.504056 1
0.233144 1
0.121391 1
0.223436 1
1.343150 1
0.224869 1
0.210996 1
0.162590 1
0.101216 1
0.455382 1
0.195711 1
1.270036 6
1.756361 1
0.359178 1
0.112386 1
0.233580 1
0.288336 1
1.724213 1
0.936861 1
0.490766 1
0.151936 1
0.049786 1
0.247717 1
0.235362 1
0.099339 1
0.158759 1
0.111261 1
0.818024 1
0.482052 1
0.397479 1
0.188042 1
0.347882 1
0.238211 1
0.098415 1
0.186444 1
0.263941 1
0.441587 4
0.162997 4
0.149052 4
0.146665 4
0.147707 4
0.357689 1
0.273283 1
0.133252 1
0.085118 1
0.310563 1
0.558737 1
0.133203 1
0.209114 1
0.146623 1
0.129669 1
0.103751 1
1.585663 1
0.447385 1
0.976903 2
0.003667 6
0.000152 4
2.358924 1
0.321549 1
0.493811 1
0.159607 1
0.144934 1
0.766916 4
0.160902 4
0.645111 1
0.131581 1
0.874946 1
0.627237 1
0.428566 1
0.095757 1
0.176258 1
0.160467 1
0.249799 1
0.091996 1
0.145964 1
0.111777 1
0.891291 1
0.422425 1
0.667410 2
0.000681 14
0.000107 2
0.000116 4
1.562335 1
0.147911 1
0.183823 1
0.202367 1
0.461695 1
0.195124 1
0.874322 2
0.022189 80
4.997392 17
